5000
1 1 10
1 1 11
1 1 12
1 1 13
1 1 14
1 1 15
1 1 16
1 1 17
1 1 18
1 1 19
1 2 20
1 2 21
1 2 22
1 2 23
1 2 24
1 2 25
1 2 26
1 2 27
1 2 28
1 2 29
1 3 30
1 3 31
1 3 32
1 3 33
1 3 34
1 3 35
1 3 36
1 3 37
1 3 38
1 3 39
1 4 40
1 4 41
1 4 42
1 4 43
1 4 44
1 4 45
1 4 46
1 4 47
1 4 48
1 4 49
1 5 50
1 5 51
1 5 52
1 5 53
1 5 54
1 5 55
1 5 56
1 5 57
1 5 58
1 5 59
1 6 60
1 6 61
1 6 62
1 6 63
1 6 64
1 6 65
1 6 66
1 6 67
1 6 68
1 6 69
1 7 70
1 7 71
1 7 72
1 7 73
1 7 74
1 7 75
1 7 76
1 7 77
1 7 78
1 7 79
1 8 80
1 8 81
1 8 82
1 8 83
1 8 84
1 8 85
1 8 86
1 8 87
1 8 88
1 8 89
1 9 90
1 9 91
1 9 92
1 9 93
1 9 94
1 9 95
1 9 96
1 9 97
1 9 98
1 9 99
1 10 100
1 10 101
1 10 102
1 10 103
1 10 104
1 10 105
1 10 106
1 10 107
1 10 108
1 10 109
2 11 110
2 11 111
2 11 112
2 11 113
2 11 114
2 11 115
2 11 116
2 11 117
2 11 118
2 11 119
2 12 120
2 12 121
2 12 122
2 12 123
2 12 124
2 12 125
2 12 126
2 12 127
2 12 128
2 12 129
2 13 130
2 13 131
2 13 132
2 13 133
2 13 134
2 13 135
2 13 136
2 13 137
2 13 138
2 13 139
2 14 140
2 14 141
2 14 142
2 14 143
2 14 144
2 14 145
2 14 146
2 14 147
2 14 148
2 14 149
2 15 150
2 15 151
2 15 152
2 15 153
2 15 154
2 15 155
2 15 156
2 15 157
2 15 158
2 15 159
2 16 160
2 16 161
2 16 162
2 16 163
2 16 164
2 16 165
2 16 166
2 16 167
2 16 168
2 16 169
2 17 170
2 17 171
2 17 172
2 17 173
2 17 174
2 17 175
2 17 176
2 17 177
2 17 178
2 17 179
2 18 180
2 18 181
2 18 182
2 18 183
2 18 184
2 18 185
2 18 186
2 18 187
2 18 188
2 18 189
2 19 190
2 19 191
2 19 192
2 19 193
2 19 194
2 19 195
2 19 196
2 19 197
2 19 198
2 19 199
2 20 200
2 20 201
2 20 202
2 20 203
2 20 204
2 20 205
2 20 206
2 20 207
2 20 208
2 20 209
3 21 210
3 21 211
3 21 212
3 21 213
3 21 214
3 21 215
3 21 216
3 21 217
3 21 218
3 21 219
3 22 220
3 22 221
3 22 222
3 22 223
3 22 224
3 22 225
3 22 226
3 22 227
3 22 228
3 22 229
3 23 230
3 23 231
3 23 232
3 23 233
3 23 234
3 23 235
3 23 236
3 23 237
3 23 238
3 23 239
3 24 240
3 24 241
3 24 242
3 24 243
3 24 244
3 24 245
3 24 246
3 24 247
3 24 248
3 24 249
3 25 250
3 25 251
3 25 252
3 25 253
3 25 254
3 25 255
3 25 256
3 25 257
3 25 258
3 25 259
3 26 260
3 26 261
3 26 262
3 26 263
3 26 264
3 26 265
3 26 266
3 26 267
3 26 268
3 26 269
3 27 270
3 27 271
3 27 272
3 27 273
3 27 274
3 27 275
3 27 276
3 27 277
3 27 278
3 27 279
3 28 280
3 28 281
3 28 282
3 28 283
3 28 284
3 28 285
3 28 286
3 28 287
3 28 288
3 28 289
3 29 290
3 29 291
3 29 292
3 29 293
3 29 294
3 29 295
3 29 296
3 29 297
3 29 298
3 29 299
3 30 300
3 30 301
3 30 302
3 30 303
3 30 304
3 30 305
3 30 306
3 30 307
3 30 308
3 30 309
4 31 310
4 31 311
4 31 312
4 31 313
4 31 314
4 31 315
4 31 316
4 31 317
4 31 318
4 31 319
4 32 320
4 32 321
4 32 322
4 32 323
4 32 324
4 32 325
4 32 326
4 32 327
4 32 328
4 32 329
4 33 330
4 33 331
4 33 332
4 33 333
4 33 334
4 33 335
4 33 336
4 33 337
4 33 338
4 33 339
4 34 340
4 34 341
4 34 342
4 34 343
4 34 344
4 34 345
4 34 346
4 34 347
4 34 348
4 34 349
4 35 350
4 35 351
4 35 352
4 35 353
4 35 354
4 35 355
4 35 356
4 35 357
4 35 358
4 35 359
4 36 360
4 36 361
4 36 362
4 36 363
4 36 364
4 36 365
4 36 366
4 36 367
4 36 368
4 36 369
4 37 370
4 37 371
4 37 372
4 37 373
4 37 374
4 37 375
4 37 376
4 37 377
4 37 378
4 37 379
4 38 380
4 38 381
4 38 382
4 38 383
4 38 384
4 38 385
4 38 386
4 38 387
4 38 388
4 38 389
4 39 390
4 39 391
4 39 392
4 39 393
4 39 394
4 39 395
4 39 396
4 39 397
4 39 398
4 39 399
4 40 400
4 40 401
4 40 402
4 40 403
4 40 404
4 40 405
4 40 406
4 40 407
4 40 408
4 40 409
5 41 410
5 41 411
5 41 412
5 41 413
5 41 414
5 41 415
5 41 416
5 41 417
5 41 418
5 41 419
5 42 420
5 42 421
5 42 422
5 42 423
5 42 424
5 42 425
5 42 426
5 42 427
5 42 428
5 42 429
5 43 430
5 43 431
5 43 432
5 43 433
5 43 434
5 43 435
5 43 436
5 43 437
5 43 438
5 43 439
5 44 440
5 44 441
5 44 442
5 44 443
5 44 444
5 44 445
5 44 446
5 44 447
5 44 448
5 44 449
5 45 450
5 45 451
5 45 452
5 45 453
5 45 454
5 45 455
5 45 456
5 45 457
5 45 458
5 45 459
5 46 460
5 46 461
5 46 462
5 46 463
5 46 464
5 46 465
5 46 466
5 46 467
5 46 468
5 46 469
5 47 470
5 47 471
5 47 472
5 47 473
5 47 474
5 47 475
5 47 476
5 47 477
5 47 478
5 47 479
5 48 480
5 48 481
5 48 482
5 48 483
5 48 484
5 48 485
5 48 486
5 48 487
5 48 488
5 48 489
5 49 490
5 49 491
5 49 492
5 49 493
5 49 494
5 49 495
5 49 496
5 49 497
5 49 498
5 49 499
5 50 500
5 50 501
5 50 502
5 50 503
5 50 504
5 50 505
5 50 506
5 50 507
5 50 508
5 50 509
6 51 510
6 51 511
6 51 512
6 51 513
6 51 514
6 51 515
6 51 516
6 51 517
6 51 518
6 51 519
6 52 520
6 52 521
6 52 522
6 52 523
6 52 524
6 52 525
6 52 526
6 52 527
6 52 528
6 52 529
6 53 530
6 53 531
6 53 532
6 53 533
6 53 534
6 53 535
6 53 536
6 53 537
6 53 538
6 53 539
6 54 540
6 54 541
6 54 542
6 54 543
6 54 544
6 54 545
6 54 546
6 54 547
6 54 548
6 54 549
6 55 550
6 55 551
6 55 552
6 55 553
6 55 554
6 55 555
6 55 556
6 55 557
6 55 558
6 55 559
6 56 560
6 56 561
6 56 562
6 56 563
6 56 564
6 56 565
6 56 566
6 56 567
6 56 568
6 56 569
6 57 570
6 57 571
6 57 572
6 57 573
6 57 574
6 57 575
6 57 576
6 57 577
6 57 578
6 57 579
6 58 580
6 58 581
6 58 582
6 58 583
6 58 584
6 58 585
6 58 586
6 58 587
6 58 588
6 58 589
6 59 590
6 59 591
6 59 592
6 59 593
6 59 594
6 59 595
6 59 596
6 59 597
6 59 598
6 59 599
6 60 600
6 60 601
6 60 602
6 60 603
6 60 604
6 60 605
6 60 606
6 60 607
6 60 608
6 60 609
7 61 610
7 61 611
7 61 612
7 61 613
7 61 614
7 61 615
7 61 616
7 61 617
7 61 618
7 61 619
7 62 620
7 62 621
7 62 622
7 62 623
7 62 624
7 62 625
7 62 626
7 62 627
7 62 628
7 62 629
7 63 630
7 63 631
7 63 632
7 63 633
7 63 634
7 63 635
7 63 636
7 63 637
7 63 638
7 63 639
7 64 640
7 64 641
7 64 642
7 64 643
7 64 644
7 64 645
7 64 646
7 64 647
7 64 648
7 64 649
7 65 650
7 65 651
7 65 652
7 65 653
7 65 654
7 65 655
7 65 656
7 65 657
7 65 658
7 65 659
7 66 660
7 66 661
7 66 662
7 66 663
7 66 664
7 66 665
7 66 666
7 66 667
7 66 668
7 66 669
7 67 670
7 67 671
7 67 672
7 67 673
7 67 674
7 67 675
7 67 676
7 67 677
7 67 678
7 67 679
7 68 680
7 68 681
7 68 682
7 68 683
7 68 684
7 68 685
7 68 686
7 68 687
7 68 688
7 68 689
7 69 690
7 69 691
7 69 692
7 69 693
7 69 694
7 69 695
7 69 696
7 69 697
7 69 698
7 69 699
7 70 700
7 70 701
7 70 702
7 70 703
7 70 704
7 70 705
7 70 706
7 70 707
7 70 708
7 70 709
8 71 710
8 71 711
8 71 712
8 71 713
8 71 714
8 71 715
8 71 716
8 71 717
8 71 718
8 71 719
8 72 720
8 72 721
8 72 722
8 72 723
8 72 724
8 72 725
8 72 726
8 72 727
8 72 728
8 72 729
8 73 730
8 73 731
8 73 732
8 73 733
8 73 734
8 73 735
8 73 736
8 73 737
8 73 738
8 73 739
8 74 740
8 74 741
8 74 742
8 74 743
8 74 744
8 74 745
8 74 746
8 74 747
8 74 748
8 74 749
8 75 750
8 75 751
8 75 752
8 75 753
8 75 754
8 75 755
8 75 756
8 75 757
8 75 758
8 75 759
8 76 760
8 76 761
8 76 762
8 76 763
8 76 764
8 76 765
8 76 766
8 76 767
8 76 768
8 76 769
8 77 770
8 77 771
8 77 772
8 77 773
8 77 774
8 77 775
8 77 776
8 77 777
8 77 778
8 77 779
8 78 780
8 78 781
8 78 782
8 78 783
8 78 784
8 78 785
8 78 786
8 78 787
8 78 788
8 78 789
8 79 790
8 79 791
8 79 792
8 79 793
8 79 794
8 79 795
8 79 796
8 79 797
8 79 798
8 79 799
8 80 800
8 80 801
8 80 802
8 80 803
8 80 804
8 80 805
8 80 806
8 80 807
8 80 808
8 80 809
9 81 810
9 81 811
9 81 812
9 81 813
9 81 814
9 81 815
9 81 816
9 81 817
9 81 818
9 81 819
9 82 820
9 82 821
9 82 822
9 82 823
9 82 824
9 82 825
9 82 826
9 82 827
9 82 828
9 82 829
9 83 830
9 83 831
9 83 832
9 83 833
9 83 834
9 83 835
9 83 836
9 83 837
9 83 838
9 83 839
9 84 840
9 84 841
9 84 842
9 84 843
9 84 844
9 84 845
9 84 846
9 84 847
9 84 848
9 84 849
9 85 850
9 85 851
9 85 852
9 85 853
9 85 854
9 85 855
9 85 856
9 85 857
9 85 858
9 85 859
9 86 860
9 86 861
9 86 862
9 86 863
9 86 864
9 86 865
9 86 866
9 86 867
9 86 868
9 86 869
9 87 870
9 87 871
9 87 872
9 87 873
9 87 874
9 87 875
9 87 876
9 87 877
9 87 878
9 87 879
9 88 880
9 88 881
9 88 882
9 88 883
9 88 884
9 88 885
9 88 886
9 88 887
9 88 888
9 88 889
9 89 890
9 89 891
9 89 892
9 89 893
9 89 894
9 89 895
9 89 896
9 89 897
9 89 898
9 89 899
9 90 900
9 90 901
9 90 902
9 90 903
9 90 904
9 90 905
9 90 906
9 90 907
9 90 908
9 90 909
10 91 910
10 91 911
10 91 912
10 91 913
10 91 914
10 91 915
10 91 916
10 91 917
10 91 918
10 91 919
10 92 920
10 92 921
10 92 922
10 92 923
10 92 924
10 92 925
10 92 926
10 92 927
10 92 928
10 92 929
10 93 930
10 93 931
10 93 932
10 93 933
10 93 934
10 93 935
10 93 936
10 93 937
10 93 938
10 93 939
10 94 940
10 94 941
10 94 942
10 94 943
10 94 944
10 94 945
10 94 946
10 94 947
10 94 948
10 94 949
10 95 950
10 95 951
10 95 952
10 95 953
10 95 954
10 95 955
10 95 956
10 95 957
10 95 958
10 95 959
10 96 960
10 96 961
10 96 962
10 96 963
10 96 964
10 96 965
10 96 966
10 96 967
10 96 968
10 96 969
10 97 970
10 97 971
10 97 972
10 97 973
10 97 974
10 97 975
10 97 976
10 97 977
10 97 978
10 97 979
10 98 980
10 98 981
10 98 982
10 98 983
10 98 984
10 98 985
10 98 986
10 98 987
10 98 988
10 98 989
10 99 990
10 99 991
10 99 992
10 99 993
10 99 994
10 99 995
10 99 996
10 99 997
10 99 998
10 99 999
10 100 1000
10 100 1001
10 100 1002
10 100 1003
10 100 1004
10 100 1005
10 100 1006
10 100 1007
10 100 1008
10 100 1009
11 101 1010
11 101 1011
11 101 1012
11 101 1013
11 101 1014
11 101 1015
11 101 1016
11 101 1017
11 101 1018
11 101 1019
11 102 1020
11 102 1021
11 102 1022
11 102 1023
11 102 1024
11 102 1025
11 102 1026
11 102 1027
11 102 1028
11 102 1029
11 103 1030
11 103 1031
11 103 1032
11 103 1033
11 103 1034
11 103 1035
11 103 1036
11 103 1037
11 103 1038
11 103 1039
11 104 1040
11 104 1041
11 104 1042
11 104 1043
11 104 1044
11 104 1045
11 104 1046
11 104 1047
11 104 1048
11 104 1049
11 105 1050
11 105 1051
11 105 1052
11 105 1053
11 105 1054
11 105 1055
11 105 1056
11 105 1057
11 105 1058
11 105 1059
11 106 1060
11 106 1061
11 106 1062
11 106 1063
11 106 1064
11 106 1065
11 106 1066
11 106 1067
11 106 1068
11 106 1069
11 107 1070
11 107 1071
11 107 1072
11 107 1073
11 107 1074
11 107 1075
11 107 1076
11 107 1077
11 107 1078
11 107 1079
11 108 1080
11 108 1081
11 108 1082
11 108 1083
11 108 1084
11 108 1085
11 108 1086
11 108 1087
11 108 1088
11 108 1089
11 109 1090
11 109 1091
11 109 1092
11 109 1093
11 109 1094
11 109 1095
11 109 1096
11 109 1097
11 109 1098
11 109 1099
11 110 1100
11 110 1101
11 110 1102
11 110 1103
11 110 1104
11 110 1105
11 110 1106
11 110 1107
11 110 1108
11 110 1109
12 111 1110
12 111 1111
12 111 1112
12 111 1113
12 111 1114
12 111 1115
12 111 1116
12 111 1117
12 111 1118
12 111 1119
12 112 1120
12 112 1121
12 112 1122
12 112 1123
12 112 1124
12 112 1125
12 112 1126
12 112 1127
12 112 1128
12 112 1129
12 113 1130
12 113 1131
12 113 1132
12 113 1133
12 113 1134
12 113 1135
12 113 1136
12 113 1137
12 113 1138
12 113 1139
12 114 1140
12 114 1141
12 114 1142
12 114 1143
12 114 1144
12 114 1145
12 114 1146
12 114 1147
12 114 1148
12 114 1149
12 115 1150
12 115 1151
12 115 1152
12 115 1153
12 115 1154
12 115 1155
12 115 1156
12 115 1157
12 115 1158
12 115 1159
12 116 1160
12 116 1161
12 116 1162
12 116 1163
12 116 1164
12 116 1165
12 116 1166
12 116 1167
12 116 1168
12 116 1169
12 117 1170
12 117 1171
12 117 1172
12 117 1173
12 117 1174
12 117 1175
12 117 1176
12 117 1177
12 117 1178
12 117 1179
12 118 1180
12 118 1181
12 118 1182
12 118 1183
12 118 1184
12 118 1185
12 118 1186
12 118 1187
12 118 1188
12 118 1189
12 119 1190
12 119 1191
12 119 1192
12 119 1193
12 119 1194
12 119 1195
12 119 1196
12 119 1197
12 119 1198
12 119 1199
12 120 1200
12 120 1201
12 120 1202
12 120 1203
12 120 1204
12 120 1205
12 120 1206
12 120 1207
12 120 1208
12 120 1209
13 121 1210
13 121 1211
13 121 1212
13 121 1213
13 121 1214
13 121 1215
13 121 1216
13 121 1217
13 121 1218
13 121 1219
13 122 1220
13 122 1221
13 122 1222
13 122 1223
13 122 1224
13 122 1225
13 122 1226
13 122 1227
13 122 1228
13 122 1229
13 123 1230
13 123 1231
13 123 1232
13 123 1233
13 123 1234
13 123 1235
13 123 1236
13 123 1237
13 123 1238
13 123 1239
13 124 1240
13 124 1241
13 124 1242
13 124 1243
13 124 1244
13 124 1245
13 124 1246
13 124 1247
13 124 1248
13 124 1249
13 125 1250
13 125 1251
13 125 1252
13 125 1253
13 125 1254
13 125 1255
13 125 1256
13 125 1257
13 125 1258
13 125 1259
13 126 1260
13 126 1261
13 126 1262
13 126 1263
13 126 1264
13 126 1265
13 126 1266
13 126 1267
13 126 1268
13 126 1269
13 127 1270
13 127 1271
13 127 1272
13 127 1273
13 127 1274
13 127 1275
13 127 1276
13 127 1277
13 127 1278
13 127 1279
13 128 1280
13 128 1281
13 128 1282
13 128 1283
13 128 1284
13 128 1285
13 128 1286
13 128 1287
13 128 1288
13 128 1289
13 129 1290
13 129 1291
13 129 1292
13 129 1293
13 129 1294
13 129 1295
13 129 1296
13 129 1297
13 129 1298
13 129 1299
13 130 1300
13 130 1301
13 130 1302
13 130 1303
13 130 1304
13 130 1305
13 130 1306
13 130 1307
13 130 1308
13 130 1309
14 131 1310
14 131 1311
14 131 1312
14 131 1313
14 131 1314
14 131 1315
14 131 1316
14 131 1317
14 131 1318
14 131 1319
14 132 1320
14 132 1321
14 132 1322
14 132 1323
14 132 1324
14 132 1325
14 132 1326
14 132 1327
14 132 1328
14 132 1329
14 133 1330
14 133 1331
14 133 1332
14 133 1333
14 133 1334
14 133 1335
14 133 1336
14 133 1337
14 133 1338
14 133 1339
14 134 1340
14 134 1341
14 134 1342
14 134 1343
14 134 1344
14 134 1345
14 134 1346
14 134 1347
14 134 1348
14 134 1349
14 135 1350
14 135 1351
14 135 1352
14 135 1353
14 135 1354
14 135 1355
14 135 1356
14 135 1357
14 135 1358
14 135 1359
14 136 1360
14 136 1361
14 136 1362
14 136 1363
14 136 1364
14 136 1365
14 136 1366
14 136 1367
14 136 1368
14 136 1369
14 137 1370
14 137 1371
14 137 1372
14 137 1373
14 137 1374
14 137 1375
14 137 1376
14 137 1377
14 137 1378
14 137 1379
14 138 1380
14 138 1381
14 138 1382
14 138 1383
14 138 1384
14 138 1385
14 138 1386
14 138 1387
14 138 1388
14 138 1389
14 139 1390
14 139 1391
14 139 1392
14 139 1393
14 139 1394
14 139 1395
14 139 1396
14 139 1397
14 139 1398
14 139 1399
14 140 1400
14 140 1401
14 140 1402
14 140 1403
14 140 1404
14 140 1405
14 140 1406
14 140 1407
14 140 1408
14 140 1409
15 141 1410
15 141 1411
15 141 1412
15 141 1413
15 141 1414
15 141 1415
15 141 1416
15 141 1417
15 141 1418
15 141 1419
15 142 1420
15 142 1421
15 142 1422
15 142 1423
15 142 1424
15 142 1425
15 142 1426
15 142 1427
15 142 1428
15 142 1429
15 143 1430
15 143 1431
15 143 1432
15 143 1433
15 143 1434
15 143 1435
15 143 1436
15 143 1437
15 143 1438
15 143 1439
15 144 1440
15 144 1441
15 144 1442
15 144 1443
15 144 1444
15 144 1445
15 144 1446
15 144 1447
15 144 1448
15 144 1449
15 145 1450
15 145 1451
15 145 1452
15 145 1453
15 145 1454
15 145 1455
15 145 1456
15 145 1457
15 145 1458
15 145 1459
15 146 1460
15 146 1461
15 146 1462
15 146 1463
15 146 1464
15 146 1465
15 146 1466
15 146 1467
15 146 1468
15 146 1469
15 147 1470
15 147 1471
15 147 1472
15 147 1473
15 147 1474
15 147 1475
15 147 1476
15 147 1477
15 147 1478
15 147 1479
15 148 1480
15 148 1481
15 148 1482
15 148 1483
15 148 1484
15 148 1485
15 148 1486
15 148 1487
15 148 1488
15 148 1489
15 149 1490
15 149 1491
15 149 1492
15 149 1493
15 149 1494
15 149 1495
15 149 1496
15 149 1497
15 149 1498
15 149 1499
15 150 1500
15 150 1501
15 150 1502
15 150 1503
15 150 1504
15 150 1505
15 150 1506
15 150 1507
15 150 1508
15 150 1509
16 151 1510
16 151 1511
16 151 1512
16 151 1513
16 151 1514
16 151 1515
16 151 1516
16 151 1517
16 151 1518
16 151 1519
16 152 1520
16 152 1521
16 152 1522
16 152 1523
16 152 1524
16 152 1525
16 152 1526
16 152 1527
16 152 1528
16 152 1529
16 153 1530
16 153 1531
16 153 1532
16 153 1533
16 153 1534
16 153 1535
16 153 1536
16 153 1537
16 153 1538
16 153 1539
16 154 1540
16 154 1541
16 154 1542
16 154 1543
16 154 1544
16 154 1545
16 154 1546
16 154 1547
16 154 1548
16 154 1549
16 155 1550
16 155 1551
16 155 1552
16 155 1553
16 155 1554
16 155 1555
16 155 1556
16 155 1557
16 155 1558
16 155 1559
16 156 1560
16 156 1561
16 156 1562
16 156 1563
16 156 1564
16 156 1565
16 156 1566
16 156 1567
16 156 1568
16 156 1569
16 157 1570
16 157 1571
16 157 1572
16 157 1573
16 157 1574
16 157 1575
16 157 1576
16 157 1577
16 157 1578
16 157 1579
16 158 1580
16 158 1581
16 158 1582
16 158 1583
16 158 1584
16 158 1585
16 158 1586
16 158 1587
16 158 1588
16 158 1589
16 159 1590
16 159 1591
16 159 1592
16 159 1593
16 159 1594
16 159 1595
16 159 1596
16 159 1597
16 159 1598
16 159 1599
16 160 1600
16 160 1601
16 160 1602
16 160 1603
16 160 1604
16 160 1605
16 160 1606
16 160 1607
16 160 1608
16 160 1609
17 161 1610
17 161 1611
17 161 1612
17 161 1613
17 161 1614
17 161 1615
17 161 1616
17 161 1617
17 161 1618
17 161 1619
17 162 1620
17 162 1621
17 162 1622
17 162 1623
17 162 1624
17 162 1625
17 162 1626
17 162 1627
17 162 1628
17 162 1629
17 163 1630
17 163 1631
17 163 1632
17 163 1633
17 163 1634
17 163 1635
17 163 1636
17 163 1637
17 163 1638
17 163 1639
17 164 1640
17 164 1641
17 164 1642
17 164 1643
17 164 1644
17 164 1645
17 164 1646
17 164 1647
17 164 1648
17 164 1649
17 165 1650
17 165 1651
17 165 1652
17 165 1653
17 165 1654
17 165 1655
17 165 1656
17 165 1657
17 165 1658
17 165 1659
17 166 1660
17 166 1661
17 166 1662
17 166 1663
17 166 1664
17 166 1665
17 166 1666
17 166 1667
17 166 1668
17 166 1669
17 167 1670
17 167 1671
17 167 1672
17 167 1673
17 167 1674
17 167 1675
17 167 1676
17 167 1677
17 167 1678
17 167 1679
17 168 1680
17 168 1681
17 168 1682
17 168 1683
17 168 1684
17 168 1685
17 168 1686
17 168 1687
17 168 1688
17 168 1689
17 169 1690
17 169 1691
17 169 1692
17 169 1693
17 169 1694
17 169 1695
17 169 1696
17 169 1697
17 169 1698
17 169 1699
17 170 1700
17 170 1701
17 170 1702
17 170 1703
17 170 1704
17 170 1705
17 170 1706
17 170 1707
17 170 1708
17 170 1709
18 171 1710
18 171 1711
18 171 1712
18 171 1713
18 171 1714
18 171 1715
18 171 1716
18 171 1717
18 171 1718
18 171 1719
18 172 1720
18 172 1721
18 172 1722
18 172 1723
18 172 1724
18 172 1725
18 172 1726
18 172 1727
18 172 1728
18 172 1729
18 173 1730
18 173 1731
18 173 1732
18 173 1733
18 173 1734
18 173 1735
18 173 1736
18 173 1737
18 173 1738
18 173 1739
18 174 1740
18 174 1741
18 174 1742
18 174 1743
18 174 1744
18 174 1745
18 174 1746
18 174 1747
18 174 1748
18 174 1749
18 175 1750
18 175 1751
18 175 1752
18 175 1753
18 175 1754
18 175 1755
18 175 1756
18 175 1757
18 175 1758
18 175 1759
18 176 1760
18 176 1761
18 176 1762
18 176 1763
18 176 1764
18 176 1765
18 176 1766
18 176 1767
18 176 1768
18 176 1769
18 177 1770
18 177 1771
18 177 1772
18 177 1773
18 177 1774
18 177 1775
18 177 1776
18 177 1777
18 177 1778
18 177 1779
18 178 1780
18 178 1781
18 178 1782
18 178 1783
18 178 1784
18 178 1785
18 178 1786
18 178 1787
18 178 1788
18 178 1789
18 179 1790
18 179 1791
18 179 1792
18 179 1793
18 179 1794
18 179 1795
18 179 1796
18 179 1797
18 179 1798
18 179 1799
18 180 1800
18 180 1801
18 180 1802
18 180 1803
18 180 1804
18 180 1805
18 180 1806
18 180 1807
18 180 1808
18 180 1809
19 181 1810
19 181 1811
19 181 1812
19 181 1813
19 181 1814
19 181 1815
19 181 1816
19 181 1817
19 181 1818
19 181 1819
19 182 1820
19 182 1821
19 182 1822
19 182 1823
19 182 1824
19 182 1825
19 182 1826
19 182 1827
19 182 1828
19 182 1829
19 183 1830
19 183 1831
19 183 1832
19 183 1833
19 183 1834
19 183 1835
19 183 1836
19 183 1837
19 183 1838
19 183 1839
19 184 1840
19 184 1841
19 184 1842
19 184 1843
19 184 1844
19 184 1845
19 184 1846
19 184 1847
19 184 1848
19 184 1849
19 185 1850
19 185 1851
19 185 1852
19 185 1853
19 185 1854
19 185 1855
19 185 1856
19 185 1857
19 185 1858
19 185 1859
19 186 1860
19 186 1861
19 186 1862
19 186 1863
19 186 1864
19 186 1865
19 186 1866
19 186 1867
19 186 1868
19 186 1869
19 187 1870
19 187 1871
19 187 1872
19 187 1873
19 187 1874
19 187 1875
19 187 1876
19 187 1877
19 187 1878
19 187 1879
19 188 1880
19 188 1881
19 188 1882
19 188 1883
19 188 1884
19 188 1885
19 188 1886
19 188 1887
19 188 1888
19 188 1889
19 189 1890
19 189 1891
19 189 1892
19 189 1893
19 189 1894
19 189 1895
19 189 1896
19 189 1897
19 189 1898
19 189 1899
19 190 1900
19 190 1901
19 190 1902
19 190 1903
19 190 1904
19 190 1905
19 190 1906
19 190 1907
19 190 1908
19 190 1909
20 191 1910
20 191 1911
20 191 1912
20 191 1913
20 191 1914
20 191 1915
20 191 1916
20 191 1917
20 191 1918
20 191 1919
20 192 1920
20 192 1921
20 192 1922
20 192 1923
20 192 1924
20 192 1925
20 192 1926
20 192 1927
20 192 1928
20 192 1929
20 193 1930
20 193 1931
20 193 1932
20 193 1933
20 193 1934
20 193 1935
20 193 1936
20 193 1937
20 193 1938
20 193 1939
20 194 1940
20 194 1941
20 194 1942
20 194 1943
20 194 1944
20 194 1945
20 194 1946
20 194 1947
20 194 1948
20 194 1949
20 195 1950
20 195 1951
20 195 1952
20 195 1953
20 195 1954
20 195 1955
20 195 1956
20 195 1957
20 195 1958
20 195 1959
20 196 1960
20 196 1961
20 196 1962
20 196 1963
20 196 1964
20 196 1965
20 196 1966
20 196 1967
20 196 1968
20 196 1969
20 197 1970
20 197 1971
20 197 1972
20 197 1973
20 197 1974
20 197 1975
20 197 1976
20 197 1977
20 197 1978
20 197 1979
20 198 1980
20 198 1981
20 198 1982
20 198 1983
20 198 1984
20 198 1985
20 198 1986
20 198 1987
20 198 1988
20 198 1989
20 199 1990
20 199 1991
20 199 1992
20 199 1993
20 199 1994
20 199 1995
20 199 1996
20 199 1997
20 199 1998
20 199 1999
20 200 2000
20 200 2001
20 200 2002
20 200 2003
20 200 2004
20 200 2005
20 200 2006
20 200 2007
20 200 2008
20 200 2009
21 201 2010
21 201 2011
21 201 2012
21 201 2013
21 201 2014
21 201 2015
21 201 2016
21 201 2017
21 201 2018
21 201 2019
21 202 2020
21 202 2021
21 202 2022
21 202 2023
21 202 2024
21 202 2025
21 202 2026
21 202 2027
21 202 2028
21 202 2029
21 203 2030
21 203 2031
21 203 2032
21 203 2033
21 203 2034
21 203 2035
21 203 2036
21 203 2037
21 203 2038
21 203 2039
21 204 2040
21 204 2041
21 204 2042
21 204 2043
21 204 2044
21 204 2045
21 204 2046
21 204 2047
21 204 2048
21 204 2049
21 205 2050
21 205 2051
21 205 2052
21 205 2053
21 205 2054
21 205 2055
21 205 2056
21 205 2057
21 205 2058
21 205 2059
21 206 2060
21 206 2061
21 206 2062
21 206 2063
21 206 2064
21 206 2065
21 206 2066
21 206 2067
21 206 2068
21 206 2069
21 207 2070
21 207 2071
21 207 2072
21 207 2073
21 207 2074
21 207 2075
21 207 2076
21 207 2077
21 207 2078
21 207 2079
21 208 2080
21 208 2081
21 208 2082
21 208 2083
21 208 2084
21 208 2085
21 208 2086
21 208 2087
21 208 2088
21 208 2089
21 209 2090
21 209 2091
21 209 2092
21 209 2093
21 209 2094
21 209 2095
21 209 2096
21 209 2097
21 209 2098
21 209 2099
21 210 2100
21 210 2101
21 210 2102
21 210 2103
21 210 2104
21 210 2105
21 210 2106
21 210 2107
21 210 2108
21 210 2109
22 211 2110
22 211 2111
22 211 2112
22 211 2113
22 211 2114
22 211 2115
22 211 2116
22 211 2117
22 211 2118
22 211 2119
22 212 2120
22 212 2121
22 212 2122
22 212 2123
22 212 2124
22 212 2125
22 212 2126
22 212 2127
22 212 2128
22 212 2129
22 213 2130
22 213 2131
22 213 2132
22 213 2133
22 213 2134
22 213 2135
22 213 2136
22 213 2137
22 213 2138
22 213 2139
22 214 2140
22 214 2141
22 214 2142
22 214 2143
22 214 2144
22 214 2145
22 214 2146
22 214 2147
22 214 2148
22 214 2149
22 215 2150
22 215 2151
22 215 2152
22 215 2153
22 215 2154
22 215 2155
22 215 2156
22 215 2157
22 215 2158
22 215 2159
22 216 2160
22 216 2161
22 216 2162
22 216 2163
22 216 2164
22 216 2165
22 216 2166
22 216 2167
22 216 2168
22 216 2169
22 217 2170
22 217 2171
22 217 2172
22 217 2173
22 217 2174
22 217 2175
22 217 2176
22 217 2177
22 217 2178
22 217 2179
22 218 2180
22 218 2181
22 218 2182
22 218 2183
22 218 2184
22 218 2185
22 218 2186
22 218 2187
22 218 2188
22 218 2189
22 219 2190
22 219 2191
22 219 2192
22 219 2193
22 219 2194
22 219 2195
22 219 2196
22 219 2197
22 219 2198
22 219 2199
22 220 2200
22 220 2201
22 220 2202
22 220 2203
22 220 2204
22 220 2205
22 220 2206
22 220 2207
22 220 2208
22 220 2209
23 221 2210
23 221 2211
23 221 2212
23 221 2213
23 221 2214
23 221 2215
23 221 2216
23 221 2217
23 221 2218
23 221 2219
23 222 2220
23 222 2221
23 222 2222
23 222 2223
23 222 2224
23 222 2225
23 222 2226
23 222 2227
23 222 2228
23 222 2229
23 223 2230
23 223 2231
23 223 2232
23 223 2233
23 223 2234
23 223 2235
23 223 2236
23 223 2237
23 223 2238
23 223 2239
23 224 2240
23 224 2241
23 224 2242
23 224 2243
23 224 2244
23 224 2245
23 224 2246
23 224 2247
23 224 2248
23 224 2249
23 225 2250
23 225 2251
23 225 2252
23 225 2253
23 225 2254
23 225 2255
23 225 2256
23 225 2257
23 225 2258
23 225 2259
23 226 2260
23 226 2261
23 226 2262
23 226 2263
23 226 2264
23 226 2265
23 226 2266
23 226 2267
23 226 2268
23 226 2269
23 227 2270
23 227 2271
23 227 2272
23 227 2273
23 227 2274
23 227 2275
23 227 2276
23 227 2277
23 227 2278
23 227 2279
23 228 2280
23 228 2281
23 228 2282
23 228 2283
23 228 2284
23 228 2285
23 228 2286
23 228 2287
23 228 2288
23 228 2289
23 229 2290
23 229 2291
23 229 2292
23 229 2293
23 229 2294
23 229 2295
23 229 2296
23 229 2297
23 229 2298
23 229 2299
23 230 2300
23 230 2301
23 230 2302
23 230 2303
23 230 2304
23 230 2305
23 230 2306
23 230 2307
23 230 2308
23 230 2309
24 231 2310
24 231 2311
24 231 2312
24 231 2313
24 231 2314
24 231 2315
24 231 2316
24 231 2317
24 231 2318
24 231 2319
24 232 2320
24 232 2321
24 232 2322
24 232 2323
24 232 2324
24 232 2325
24 232 2326
24 232 2327
24 232 2328
24 232 2329
24 233 2330
24 233 2331
24 233 2332
24 233 2333
24 233 2334
24 233 2335
24 233 2336
24 233 2337
24 233 2338
24 233 2339
24 234 2340
24 234 2341
24 234 2342
24 234 2343
24 234 2344
24 234 2345
24 234 2346
24 234 2347
24 234 2348
24 234 2349
24 235 2350
24 235 2351
24 235 2352
24 235 2353
24 235 2354
24 235 2355
24 235 2356
24 235 2357
24 235 2358
24 235 2359
24 236 2360
24 236 2361
24 236 2362
24 236 2363
24 236 2364
24 236 2365
24 236 2366
24 236 2367
24 236 2368
24 236 2369
24 237 2370
24 237 2371
24 237 2372
24 237 2373
24 237 2374
24 237 2375
24 237 2376
24 237 2377
24 237 2378
24 237 2379
24 238 2380
24 238 2381
24 238 2382
24 238 2383
24 238 2384
24 238 2385
24 238 2386
24 238 2387
24 238 2388
24 238 2389
24 239 2390
24 239 2391
24 239 2392
24 239 2393
24 239 2394
24 239 2395
24 239 2396
24 239 2397
24 239 2398
24 239 2399
24 240 2400
24 240 2401
24 240 2402
24 240 2403
24 240 2404
24 240 2405
24 240 2406
24 240 2407
24 240 2408
24 240 2409
25 241 2410
25 241 2411
25 241 2412
25 241 2413
25 241 2414
25 241 2415
25 241 2416
25 241 2417
25 241 2418
25 241 2419
25 242 2420
25 242 2421
25 242 2422
25 242 2423
25 242 2424
25 242 2425
25 242 2426
25 242 2427
25 242 2428
25 242 2429
25 243 2430
25 243 2431
25 243 2432
25 243 2433
25 243 2434
25 243 2435
25 243 2436
25 243 2437
25 243 2438
25 243 2439
25 244 2440
25 244 2441
25 244 2442
25 244 2443
25 244 2444
25 244 2445
25 244 2446
25 244 2447
25 244 2448
25 244 2449
25 245 2450
25 245 2451
25 245 2452
25 245 2453
25 245 2454
25 245 2455
25 245 2456
25 245 2457
25 245 2458
25 245 2459
25 246 2460
25 246 2461
25 246 2462
25 246 2463
25 246 2464
25 246 2465
25 246 2466
25 246 2467
25 246 2468
25 246 2469
25 247 2470
25 247 2471
25 247 2472
25 247 2473
25 247 2474
25 247 2475
25 247 2476
25 247 2477
25 247 2478
25 247 2479
25 248 2480
25 248 2481
25 248 2482
25 248 2483
25 248 2484
25 248 2485
25 248 2486
25 248 2487
25 248 2488
25 248 2489
25 249 2490
25 249 2491
25 249 2492
25 249 2493
25 249 2494
25 249 2495
25 249 2496
25 249 2497
25 249 2498
25 249 2499
25 250 2500
25 250 2501
25 250 2502
25 250 2503
25 250 2504
25 250 2505
25 250 2506
25 250 2507
25 250 2508
25 250 2509
26 251 2510
26 251 2511
26 251 2512
26 251 2513
26 251 2514
26 251 2515
26 251 2516
26 251 2517
26 251 2518
26 251 2519
26 252 2520
26 252 2521
26 252 2522
26 252 2523
26 252 2524
26 252 2525
26 252 2526
26 252 2527
26 252 2528
26 252 2529
26 253 2530
26 253 2531
26 253 2532
26 253 2533
26 253 2534
26 253 2535
26 253 2536
26 253 2537
26 253 2538
26 253 2539
26 254 2540
26 254 2541
26 254 2542
26 254 2543
26 254 2544
26 254 2545
26 254 2546
26 254 2547
26 254 2548
26 254 2549
26 255 2550
26 255 2551
26 255 2552
26 255 2553
26 255 2554
26 255 2555
26 255 2556
26 255 2557
26 255 2558
26 255 2559
26 256 2560
26 256 2561
26 256 2562
26 256 2563
26 256 2564
26 256 2565
26 256 2566
26 256 2567
26 256 2568
26 256 2569
26 257 2570
26 257 2571
26 257 2572
26 257 2573
26 257 2574
26 257 2575
26 257 2576
26 257 2577
26 257 2578
26 257 2579
26 258 2580
26 258 2581
26 258 2582
26 258 2583
26 258 2584
26 258 2585
26 258 2586
26 258 2587
26 258 2588
26 258 2589
26 259 2590
26 259 2591
26 259 2592
26 259 2593
26 259 2594
26 259 2595
26 259 2596
26 259 2597
26 259 2598
26 259 2599
26 260 2600
26 260 2601
26 260 2602
26 260 2603
26 260 2604
26 260 2605
26 260 2606
26 260 2607
26 260 2608
26 260 2609
27 261 2610
27 261 2611
27 261 2612
27 261 2613
27 261 2614
27 261 2615
27 261 2616
27 261 2617
27 261 2618
27 261 2619
27 262 2620
27 262 2621
27 262 2622
27 262 2623
27 262 2624
27 262 2625
27 262 2626
27 262 2627
27 262 2628
27 262 2629
27 263 2630
27 263 2631
27 263 2632
27 263 2633
27 263 2634
27 263 2635
27 263 2636
27 263 2637
27 263 2638
27 263 2639
27 264 2640
27 264 2641
27 264 2642
27 264 2643
27 264 2644
27 264 2645
27 264 2646
27 264 2647
27 264 2648
27 264 2649
27 265 2650
27 265 2651
27 265 2652
27 265 2653
27 265 2654
27 265 2655
27 265 2656
27 265 2657
27 265 2658
27 265 2659
27 266 2660
27 266 2661
27 266 2662
27 266 2663
27 266 2664
27 266 2665
27 266 2666
27 266 2667
27 266 2668
27 266 2669
27 267 2670
27 267 2671
27 267 2672
27 267 2673
27 267 2674
27 267 2675
27 267 2676
27 267 2677
27 267 2678
27 267 2679
27 268 2680
27 268 2681
27 268 2682
27 268 2683
27 268 2684
27 268 2685
27 268 2686
27 268 2687
27 268 2688
27 268 2689
27 269 2690
27 269 2691
27 269 2692
27 269 2693
27 269 2694
27 269 2695
27 269 2696
27 269 2697
27 269 2698
27 269 2699
27 270 2700
27 270 2701
27 270 2702
27 270 2703
27 270 2704
27 270 2705
27 270 2706
27 270 2707
27 270 2708
27 270 2709
28 271 2710
28 271 2711
28 271 2712
28 271 2713
28 271 2714
28 271 2715
28 271 2716
28 271 2717
28 271 2718
28 271 2719
28 272 2720
28 272 2721
28 272 2722
28 272 2723
28 272 2724
28 272 2725
28 272 2726
28 272 2727
28 272 2728
28 272 2729
28 273 2730
28 273 2731
28 273 2732
28 273 2733
28 273 2734
28 273 2735
28 273 2736
28 273 2737
28 273 2738
28 273 2739
28 274 2740
28 274 2741
28 274 2742
28 274 2743
28 274 2744
28 274 2745
28 274 2746
28 274 2747
28 274 2748
28 274 2749
28 275 2750
28 275 2751
28 275 2752
28 275 2753
28 275 2754
28 275 2755
28 275 2756
28 275 2757
28 275 2758
28 275 2759
28 276 2760
28 276 2761
28 276 2762
28 276 2763
28 276 2764
28 276 2765
28 276 2766
28 276 2767
28 276 2768
28 276 2769
28 277 2770
28 277 2771
28 277 2772
28 277 2773
28 277 2774
28 277 2775
28 277 2776
28 277 2777
28 277 2778
28 277 2779
28 278 2780
28 278 2781
28 278 2782
28 278 2783
28 278 2784
28 278 2785
28 278 2786
28 278 2787
28 278 2788
28 278 2789
28 279 2790
28 279 2791
28 279 2792
28 279 2793
28 279 2794
28 279 2795
28 279 2796
28 279 2797
28 279 2798
28 279 2799
28 280 2800
28 280 2801
28 280 2802
28 280 2803
28 280 2804
28 280 2805
28 280 2806
28 280 2807
28 280 2808
28 280 2809
29 281 2810
29 281 2811
29 281 2812
29 281 2813
29 281 2814
29 281 2815
29 281 2816
29 281 2817
29 281 2818
29 281 2819
29 282 2820
29 282 2821
29 282 2822
29 282 2823
29 282 2824
29 282 2825
29 282 2826
29 282 2827
29 282 2828
29 282 2829
29 283 2830
29 283 2831
29 283 2832
29 283 2833
29 283 2834
29 283 2835
29 283 2836
29 283 2837
29 283 2838
29 283 2839
29 284 2840
29 284 2841
29 284 2842
29 284 2843
29 284 2844
29 284 2845
29 284 2846
29 284 2847
29 284 2848
29 284 2849
29 285 2850
29 285 2851
29 285 2852
29 285 2853
29 285 2854
29 285 2855
29 285 2856
29 285 2857
29 285 2858
29 285 2859
29 286 2860
29 286 2861
29 286 2862
29 286 2863
29 286 2864
29 286 2865
29 286 2866
29 286 2867
29 286 2868
29 286 2869
29 287 2870
29 287 2871
29 287 2872
29 287 2873
29 287 2874
29 287 2875
29 287 2876
29 287 2877
29 287 2878
29 287 2879
29 288 2880
29 288 2881
29 288 2882
29 288 2883
29 288 2884
29 288 2885
29 288 2886
29 288 2887
29 288 2888
29 288 2889
29 289 2890
29 289 2891
29 289 2892
29 289 2893
29 289 2894
29 289 2895
29 289 2896
29 289 2897
29 289 2898
29 289 2899
29 290 2900
29 290 2901
29 290 2902
29 290 2903
29 290 2904
29 290 2905
29 290 2906
29 290 2907
29 290 2908
29 290 2909
30 291 2910
30 291 2911
30 291 2912
30 291 2913
30 291 2914
30 291 2915
30 291 2916
30 291 2917
30 291 2918
30 291 2919
30 292 2920
30 292 2921
30 292 2922
30 292 2923
30 292 2924
30 292 2925
30 292 2926
30 292 2927
30 292 2928
30 292 2929
30 293 2930
30 293 2931
30 293 2932
30 293 2933
30 293 2934
30 293 2935
30 293 2936
30 293 2937
30 293 2938
30 293 2939
30 294 2940
30 294 2941
30 294 2942
30 294 2943
30 294 2944
30 294 2945
30 294 2946
30 294 2947
30 294 2948
30 294 2949
30 295 2950
30 295 2951
30 295 2952
30 295 2953
30 295 2954
30 295 2955
30 295 2956
30 295 2957
30 295 2958
30 295 2959
30 296 2960
30 296 2961
30 296 2962
30 296 2963
30 296 2964
30 296 2965
30 296 2966
30 296 2967
30 296 2968
30 296 2969
30 297 2970
30 297 2971
30 297 2972
30 297 2973
30 297 2974
30 297 2975
30 297 2976
30 297 2977
30 297 2978
30 297 2979
30 298 2980
30 298 2981
30 298 2982
30 298 2983
30 298 2984
30 298 2985
30 298 2986
30 298 2987
30 298 2988
30 298 2989
30 299 2990
30 299 2991
30 299 2992
30 299 2993
30 299 2994
30 299 2995
30 299 2996
30 299 2997
30 299 2998
30 299 2999
30 300 3000
30 300 3001
30 300 3002
30 300 3003
30 300 3004
30 300 3005
30 300 3006
30 300 3007
30 300 3008
30 300 3009
31 301 3010
31 301 3011
31 301 3012
31 301 3013
31 301 3014
31 301 3015
31 301 3016
31 301 3017
31 301 3018
31 301 3019
31 302 3020
31 302 3021
31 302 3022
31 302 3023
31 302 3024
31 302 3025
31 302 3026
31 302 3027
31 302 3028
31 302 3029
31 303 3030
31 303 3031
31 303 3032
31 303 3033
31 303 3034
31 303 3035
31 303 3036
31 303 3037
31 303 3038
31 303 3039
31 304 3040
31 304 3041
31 304 3042
31 304 3043
31 304 3044
31 304 3045
31 304 3046
31 304 3047
31 304 3048
31 304 3049
31 305 3050
31 305 3051
31 305 3052
31 305 3053
31 305 3054
31 305 3055
31 305 3056
31 305 3057
31 305 3058
31 305 3059
31 306 3060
31 306 3061
31 306 3062
31 306 3063
31 306 3064
31 306 3065
31 306 3066
31 306 3067
31 306 3068
31 306 3069
31 307 3070
31 307 3071
31 307 3072
31 307 3073
31 307 3074
31 307 3075
31 307 3076
31 307 3077
31 307 3078
31 307 3079
31 308 3080
31 308 3081
31 308 3082
31 308 3083
31 308 3084
31 308 3085
31 308 3086
31 308 3087
31 308 3088
31 308 3089
31 309 3090
31 309 3091
31 309 3092
31 309 3093
31 309 3094
31 309 3095
31 309 3096
31 309 3097
31 309 3098
31 309 3099
31 310 3100
31 310 3101
31 310 3102
31 310 3103
31 310 3104
31 310 3105
31 310 3106
31 310 3107
31 310 3108
31 310 3109
32 311 3110
32 311 3111
32 311 3112
32 311 3113
32 311 3114
32 311 3115
32 311 3116
32 311 3117
32 311 3118
32 311 3119
32 312 3120
32 312 3121
32 312 3122
32 312 3123
32 312 3124
32 312 3125
32 312 3126
32 312 3127
32 312 3128
32 312 3129
32 313 3130
32 313 3131
32 313 3132
32 313 3133
32 313 3134
32 313 3135
32 313 3136
32 313 3137
32 313 3138
32 313 3139
32 314 3140
32 314 3141
32 314 3142
32 314 3143
32 314 3144
32 314 3145
32 314 3146
32 314 3147
32 314 3148
32 314 3149
32 315 3150
32 315 3151
32 315 3152
32 315 3153
32 315 3154
32 315 3155
32 315 3156
32 315 3157
32 315 3158
32 315 3159
32 316 3160
32 316 3161
32 316 3162
32 316 3163
32 316 3164
32 316 3165
32 316 3166
32 316 3167
32 316 3168
32 316 3169
32 317 3170
32 317 3171
32 317 3172
32 317 3173
32 317 3174
32 317 3175
32 317 3176
32 317 3177
32 317 3178
32 317 3179
32 318 3180
32 318 3181
32 318 3182
32 318 3183
32 318 3184
32 318 3185
32 318 3186
32 318 3187
32 318 3188
32 318 3189
32 319 3190
32 319 3191
32 319 3192
32 319 3193
32 319 3194
32 319 3195
32 319 3196
32 319 3197
32 319 3198
32 319 3199
32 320 3200
32 320 3201
32 320 3202
32 320 3203
32 320 3204
32 320 3205
32 320 3206
32 320 3207
32 320 3208
32 320 3209
33 321 3210
33 321 3211
33 321 3212
33 321 3213
33 321 3214
33 321 3215
33 321 3216
33 321 3217
33 321 3218
33 321 3219
33 322 3220
33 322 3221
33 322 3222
33 322 3223
33 322 3224
33 322 3225
33 322 3226
33 322 3227
33 322 3228
33 322 3229
33 323 3230
33 323 3231
33 323 3232
33 323 3233
33 323 3234
33 323 3235
33 323 3236
33 323 3237
33 323 3238
33 323 3239
33 324 3240
33 324 3241
33 324 3242
33 324 3243
33 324 3244
33 324 3245
33 324 3246
33 324 3247
33 324 3248
33 324 3249
33 325 3250
33 325 3251
33 325 3252
33 325 3253
33 325 3254
33 325 3255
33 325 3256
33 325 3257
33 325 3258
33 325 3259
33 326 3260
33 326 3261
33 326 3262
33 326 3263
33 326 3264
33 326 3265
33 326 3266
33 326 3267
33 326 3268
33 326 3269
33 327 3270
33 327 3271
33 327 3272
33 327 3273
33 327 3274
33 327 3275
33 327 3276
33 327 3277
33 327 3278
33 327 3279
33 328 3280
33 328 3281
33 328 3282
33 328 3283
33 328 3284
33 328 3285
33 328 3286
33 328 3287
33 328 3288
33 328 3289
33 329 3290
33 329 3291
33 329 3292
33 329 3293
33 329 3294
33 329 3295
33 329 3296
33 329 3297
33 329 3298
33 329 3299
33 330 3300
33 330 3301
33 330 3302
33 330 3303
33 330 3304
33 330 3305
33 330 3306
33 330 3307
33 330 3308
33 330 3309
34 331 3310
34 331 3311
34 331 3312
34 331 3313
34 331 3314
34 331 3315
34 331 3316
34 331 3317
34 331 3318
34 331 3319
34 332 3320
34 332 3321
34 332 3322
34 332 3323
34 332 3324
34 332 3325
34 332 3326
34 332 3327
34 332 3328
34 332 3329
34 333 3330
34 333 3331
34 333 3332
34 333 3333
34 333 3334
34 333 3335
34 333 3336
34 333 3337
34 333 3338
34 333 3339
34 334 3340
34 334 3341
34 334 3342
34 334 3343
34 334 3344
34 334 3345
34 334 3346
34 334 3347
34 334 3348
34 334 3349
34 335 3350
34 335 3351
34 335 3352
34 335 3353
34 335 3354
34 335 3355
34 335 3356
34 335 3357
34 335 3358
34 335 3359
34 336 3360
34 336 3361
34 336 3362
34 336 3363
34 336 3364
34 336 3365
34 336 3366
34 336 3367
34 336 3368
34 336 3369
34 337 3370
34 337 3371
34 337 3372
34 337 3373
34 337 3374
34 337 3375
34 337 3376
34 337 3377
34 337 3378
34 337 3379
34 338 3380
34 338 3381
34 338 3382
34 338 3383
34 338 3384
34 338 3385
34 338 3386
34 338 3387
34 338 3388
34 338 3389
34 339 3390
34 339 3391
34 339 3392
34 339 3393
34 339 3394
34 339 3395
34 339 3396
34 339 3397
34 339 3398
34 339 3399
34 340 3400
34 340 3401
34 340 3402
34 340 3403
34 340 3404
34 340 3405
34 340 3406
34 340 3407
34 340 3408
34 340 3409
35 341 3410
35 341 3411
35 341 3412
35 341 3413
35 341 3414
35 341 3415
35 341 3416
35 341 3417
35 341 3418
35 341 3419
35 342 3420
35 342 3421
35 342 3422
35 342 3423
35 342 3424
35 342 3425
35 342 3426
35 342 3427
35 342 3428
35 342 3429
35 343 3430
35 343 3431
35 343 3432
35 343 3433
35 343 3434
35 343 3435
35 343 3436
35 343 3437
35 343 3438
35 343 3439
35 344 3440
35 344 3441
35 344 3442
35 344 3443
35 344 3444
35 344 3445
35 344 3446
35 344 3447
35 344 3448
35 344 3449
35 345 3450
35 345 3451
35 345 3452
35 345 3453
35 345 3454
35 345 3455
35 345 3456
35 345 3457
35 345 3458
35 345 3459
35 346 3460
35 346 3461
35 346 3462
35 346 3463
35 346 3464
35 346 3465
35 346 3466
35 346 3467
35 346 3468
35 346 3469
35 347 3470
35 347 3471
35 347 3472
35 347 3473
35 347 3474
35 347 3475
35 347 3476
35 347 3477
35 347 3478
35 347 3479
35 348 3480
35 348 3481
35 348 3482
35 348 3483
35 348 3484
35 348 3485
35 348 3486
35 348 3487
35 348 3488
35 348 3489
35 349 3490
35 349 3491
35 349 3492
35 349 3493
35 349 3494
35 349 3495
35 349 3496
35 349 3497
35 349 3498
35 349 3499
35 350 3500
35 350 3501
35 350 3502
35 350 3503
35 350 3504
35 350 3505
35 350 3506
35 350 3507
35 350 3508
35 350 3509
36 351 3510
36 351 3511
36 351 3512
36 351 3513
36 351 3514
36 351 3515
36 351 3516
36 351 3517
36 351 3518
36 351 3519
36 352 3520
36 352 3521
36 352 3522
36 352 3523
36 352 3524
36 352 3525
36 352 3526
36 352 3527
36 352 3528
36 352 3529
36 353 3530
36 353 3531
36 353 3532
36 353 3533
36 353 3534
36 353 3535
36 353 3536
36 353 3537
36 353 3538
36 353 3539
36 354 3540
36 354 3541
36 354 3542
36 354 3543
36 354 3544
36 354 3545
36 354 3546
36 354 3547
36 354 3548
36 354 3549
36 355 3550
36 355 3551
36 355 3552
36 355 3553
36 355 3554
36 355 3555
36 355 3556
36 355 3557
36 355 3558
36 355 3559
36 356 3560
36 356 3561
36 356 3562
36 356 3563
36 356 3564
36 356 3565
36 356 3566
36 356 3567
36 356 3568
36 356 3569
36 357 3570
36 357 3571
36 357 3572
36 357 3573
36 357 3574
36 357 3575
36 357 3576
36 357 3577
36 357 3578
36 357 3579
36 358 3580
36 358 3581
36 358 3582
36 358 3583
36 358 3584
36 358 3585
36 358 3586
36 358 3587
36 358 3588
36 358 3589
36 359 3590
36 359 3591
36 359 3592
36 359 3593
36 359 3594
36 359 3595
36 359 3596
36 359 3597
36 359 3598
36 359 3599
36 360 3600
36 360 3601
36 360 3602
36 360 3603
36 360 3604
36 360 3605
36 360 3606
36 360 3607
36 360 3608
36 360 3609
37 361 3610
37 361 3611
37 361 3612
37 361 3613
37 361 3614
37 361 3615
37 361 3616
37 361 3617
37 361 3618
37 361 3619
37 362 3620
37 362 3621
37 362 3622
37 362 3623
37 362 3624
37 362 3625
37 362 3626
37 362 3627
37 362 3628
37 362 3629
37 363 3630
37 363 3631
37 363 3632
37 363 3633
37 363 3634
37 363 3635
37 363 3636
37 363 3637
37 363 3638
37 363 3639
37 364 3640
37 364 3641
37 364 3642
37 364 3643
37 364 3644
37 364 3645
37 364 3646
37 364 3647
37 364 3648
37 364 3649
37 365 3650
37 365 3651
37 365 3652
37 365 3653
37 365 3654
37 365 3655
37 365 3656
37 365 3657
37 365 3658
37 365 3659
37 366 3660
37 366 3661
37 366 3662
37 366 3663
37 366 3664
37 366 3665
37 366 3666
37 366 3667
37 366 3668
37 366 3669
37 367 3670
37 367 3671
37 367 3672
37 367 3673
37 367 3674
37 367 3675
37 367 3676
37 367 3677
37 367 3678
37 367 3679
37 368 3680
37 368 3681
37 368 3682
37 368 3683
37 368 3684
37 368 3685
37 368 3686
37 368 3687
37 368 3688
37 368 3689
37 369 3690
37 369 3691
37 369 3692
37 369 3693
37 369 3694
37 369 3695
37 369 3696
37 369 3697
37 369 3698
37 369 3699
37 370 3700
37 370 3701
37 370 3702
37 370 3703
37 370 3704
37 370 3705
37 370 3706
37 370 3707
37 370 3708
37 370 3709
38 371 3710
38 371 3711
38 371 3712
38 371 3713
38 371 3714
38 371 3715
38 371 3716
38 371 3717
38 371 3718
38 371 3719
38 372 3720
38 372 3721
38 372 3722
38 372 3723
38 372 3724
38 372 3725
38 372 3726
38 372 3727
38 372 3728
38 372 3729
38 373 3730
38 373 3731
38 373 3732
38 373 3733
38 373 3734
38 373 3735
38 373 3736
38 373 3737
38 373 3738
38 373 3739
38 374 3740
38 374 3741
38 374 3742
38 374 3743
38 374 3744
38 374 3745
38 374 3746
38 374 3747
38 374 3748
38 374 3749
38 375 3750
38 375 3751
38 375 3752
38 375 3753
38 375 3754
38 375 3755
38 375 3756
38 375 3757
38 375 3758
38 375 3759
38 376 3760
38 376 3761
38 376 3762
38 376 3763
38 376 3764
38 376 3765
38 376 3766
38 376 3767
38 376 3768
38 376 3769
38 377 3770
38 377 3771
38 377 3772
38 377 3773
38 377 3774
38 377 3775
38 377 3776
38 377 3777
38 377 3778
38 377 3779
38 378 3780
38 378 3781
38 378 3782
38 378 3783
38 378 3784
38 378 3785
38 378 3786
38 378 3787
38 378 3788
38 378 3789
38 379 3790
38 379 3791
38 379 3792
38 379 3793
38 379 3794
38 379 3795
38 379 3796
38 379 3797
38 379 3798
38 379 3799
38 380 3800
38 380 3801
38 380 3802
38 380 3803
38 380 3804
38 380 3805
38 380 3806
38 380 3807
38 380 3808
38 380 3809
39 381 3810
39 381 3811
39 381 3812
39 381 3813
39 381 3814
39 381 3815
39 381 3816
39 381 3817
39 381 3818
39 381 3819
39 382 3820
39 382 3821
39 382 3822
39 382 3823
39 382 3824
39 382 3825
39 382 3826
39 382 3827
39 382 3828
39 382 3829
39 383 3830
39 383 3831
39 383 3832
39 383 3833
39 383 3834
39 383 3835
39 383 3836
39 383 3837
39 383 3838
39 383 3839
39 384 3840
39 384 3841
39 384 3842
39 384 3843
39 384 3844
39 384 3845
39 384 3846
39 384 3847
39 384 3848
39 384 3849
39 385 3850
39 385 3851
39 385 3852
39 385 3853
39 385 3854
39 385 3855
39 385 3856
39 385 3857
39 385 3858
39 385 3859
39 386 3860
39 386 3861
39 386 3862
39 386 3863
39 386 3864
39 386 3865
39 386 3866
39 386 3867
39 386 3868
39 386 3869
39 387 3870
39 387 3871
39 387 3872
39 387 3873
39 387 3874
39 387 3875
39 387 3876
39 387 3877
39 387 3878
39 387 3879
39 388 3880
39 388 3881
39 388 3882
39 388 3883
39 388 3884
39 388 3885
39 388 3886
39 388 3887
39 388 3888
39 388 3889
39 389 3890
39 389 3891
39 389 3892
39 389 3893
39 389 3894
39 389 3895
39 389 3896
39 389 3897
39 389 3898
39 389 3899
39 390 3900
39 390 3901
39 390 3902
39 390 3903
39 390 3904
39 390 3905
39 390 3906
39 390 3907
39 390 3908
39 390 3909
40 391 3910
40 391 3911
40 391 3912
40 391 3913
40 391 3914
40 391 3915
40 391 3916
40 391 3917
40 391 3918
40 391 3919
40 392 3920
40 392 3921
40 392 3922
40 392 3923
40 392 3924
40 392 3925
40 392 3926
40 392 3927
40 392 3928
40 392 3929
40 393 3930
40 393 3931
40 393 3932
40 393 3933
40 393 3934
40 393 3935
40 393 3936
40 393 3937
40 393 3938
40 393 3939
40 394 3940
40 394 3941
40 394 3942
40 394 3943
40 394 3944
40 394 3945
40 394 3946
40 394 3947
40 394 3948
40 394 3949
40 395 3950
40 395 3951
40 395 3952
40 395 3953
40 395 3954
40 395 3955
40 395 3956
40 395 3957
40 395 3958
40 395 3959
40 396 3960
40 396 3961
40 396 3962
40 396 3963
40 396 3964
40 396 3965
40 396 3966
40 396 3967
40 396 3968
40 396 3969
40 397 3970
40 397 3971
40 397 3972
40 397 3973
40 397 3974
40 397 3975
40 397 3976
40 397 3977
40 397 3978
40 397 3979
40 398 3980
40 398 3981
40 398 3982
40 398 3983
40 398 3984
40 398 3985
40 398 3986
40 398 3987
40 398 3988
40 398 3989
40 399 3990
40 399 3991
40 399 3992
40 399 3993
40 399 3994
40 399 3995
40 399 3996
40 399 3997
40 399 3998
40 399 3999
40 400 4000
40 400 4001
40 400 4002
40 400 4003
40 400 4004
40 400 4005
40 400 4006
40 400 4007
40 400 4008
40 400 4009
41 401 4010
41 401 4011
41 401 4012
41 401 4013
41 401 4014
41 401 4015
41 401 4016
41 401 4017
41 401 4018
41 401 4019
41 402 4020
41 402 4021
41 402 4022
41 402 4023
41 402 4024
41 402 4025
41 402 4026
41 402 4027
41 402 4028
41 402 4029
41 403 4030
41 403 4031
41 403 4032
41 403 4033
41 403 4034
41 403 4035
41 403 4036
41 403 4037
41 403 4038
41 403 4039
41 404 4040
41 404 4041
41 404 4042
41 404 4043
41 404 4044
41 404 4045
41 404 4046
41 404 4047
41 404 4048
41 404 4049
41 405 4050
41 405 4051
41 405 4052
41 405 4053
41 405 4054
41 405 4055
41 405 4056
41 405 4057
41 405 4058
41 405 4059
41 406 4060
41 406 4061
41 406 4062
41 406 4063
41 406 4064
41 406 4065
41 406 4066
41 406 4067
41 406 4068
41 406 4069
41 407 4070
41 407 4071
41 407 4072
41 407 4073
41 407 4074
41 407 4075
41 407 4076
41 407 4077
41 407 4078
41 407 4079
41 408 4080
41 408 4081
41 408 4082
41 408 4083
41 408 4084
41 408 4085
41 408 4086
41 408 4087
41 408 4088
41 408 4089
41 409 4090
41 409 4091
41 409 4092
41 409 4093
41 409 4094
41 409 4095
41 409 4096
41 409 4097
41 409 4098
41 409 4099
41 410 4100
41 410 4101
41 410 4102
41 410 4103
41 410 4104
41 410 4105
41 410 4106
41 410 4107
41 410 4108
41 410 4109
42 411 4110
42 411 4111
42 411 4112
42 411 4113
42 411 4114
42 411 4115
42 411 4116
42 411 4117
42 411 4118
42 411 4119
42 412 4120
42 412 4121
42 412 4122
42 412 4123
42 412 4124
42 412 4125
42 412 4126
42 412 4127
42 412 4128
42 412 4129
42 413 4130
42 413 4131
42 413 4132
42 413 4133
42 413 4134
42 413 4135
42 413 4136
42 413 4137
42 413 4138
42 413 4139
42 414 4140
42 414 4141
42 414 4142
42 414 4143
42 414 4144
42 414 4145
42 414 4146
42 414 4147
42 414 4148
42 414 4149
42 415 4150
42 415 4151
42 415 4152
42 415 4153
42 415 4154
42 415 4155
42 415 4156
42 415 4157
42 415 4158
42 415 4159
42 416 4160
42 416 4161
42 416 4162
42 416 4163
42 416 4164
42 416 4165
42 416 4166
42 416 4167
42 416 4168
42 416 4169
42 417 4170
42 417 4171
42 417 4172
42 417 4173
42 417 4174
42 417 4175
42 417 4176
42 417 4177
42 417 4178
42 417 4179
42 418 4180
42 418 4181
42 418 4182
42 418 4183
42 418 4184
42 418 4185
42 418 4186
42 418 4187
42 418 4188
42 418 4189
42 419 4190
42 419 4191
42 419 4192
42 419 4193
42 419 4194
42 419 4195
42 419 4196
42 419 4197
42 419 4198
42 419 4199
42 420 4200
42 420 4201
42 420 4202
42 420 4203
42 420 4204
42 420 4205
42 420 4206
42 420 4207
42 420 4208
42 420 4209
43 421 4210
43 421 4211
43 421 4212
43 421 4213
43 421 4214
43 421 4215
43 421 4216
43 421 4217
43 421 4218
43 421 4219
43 422 4220
43 422 4221
43 422 4222
43 422 4223
43 422 4224
43 422 4225
43 422 4226
43 422 4227
43 422 4228
43 422 4229
43 423 4230
43 423 4231
43 423 4232
43 423 4233
43 423 4234
43 423 4235
43 423 4236
43 423 4237
43 423 4238
43 423 4239
43 424 4240
43 424 4241
43 424 4242
43 424 4243
43 424 4244
43 424 4245
43 424 4246
43 424 4247
43 424 4248
43 424 4249
43 425 4250
43 425 4251
43 425 4252
43 425 4253
43 425 4254
43 425 4255
43 425 4256
43 425 4257
43 425 4258
43 425 4259
43 426 4260
43 426 4261
43 426 4262
43 426 4263
43 426 4264
43 426 4265
43 426 4266
43 426 4267
43 426 4268
43 426 4269
43 427 4270
43 427 4271
43 427 4272
43 427 4273
43 427 4274
43 427 4275
43 427 4276
43 427 4277
43 427 4278
43 427 4279
43 428 4280
43 428 4281
43 428 4282
43 428 4283
43 428 4284
43 428 4285
43 428 4286
43 428 4287
43 428 4288
43 428 4289
43 429 4290
43 429 4291
43 429 4292
43 429 4293
43 429 4294
43 429 4295
43 429 4296
43 429 4297
43 429 4298
43 429 4299
43 430 4300
43 430 4301
43 430 4302
43 430 4303
43 430 4304
43 430 4305
43 430 4306
43 430 4307
43 430 4308
43 430 4309
44 431 4310
44 431 4311
44 431 4312
44 431 4313
44 431 4314
44 431 4315
44 431 4316
44 431 4317
44 431 4318
44 431 4319
44 432 4320
44 432 4321
44 432 4322
44 432 4323
44 432 4324
44 432 4325
44 432 4326
44 432 4327
44 432 4328
44 432 4329
44 433 4330
44 433 4331
44 433 4332
44 433 4333
44 433 4334
44 433 4335
44 433 4336
44 433 4337
44 433 4338
44 433 4339
44 434 4340
44 434 4341
44 434 4342
44 434 4343
44 434 4344
44 434 4345
44 434 4346
44 434 4347
44 434 4348
44 434 4349
44 435 4350
44 435 4351
44 435 4352
44 435 4353
44 435 4354
44 435 4355
44 435 4356
44 435 4357
44 435 4358
44 435 4359
44 436 4360
44 436 4361
44 436 4362
44 436 4363
44 436 4364
44 436 4365
44 436 4366
44 436 4367
44 436 4368
44 436 4369
44 437 4370
44 437 4371
44 437 4372
44 437 4373
44 437 4374
44 437 4375
44 437 4376
44 437 4377
44 437 4378
44 437 4379
44 438 4380
44 438 4381
44 438 4382
44 438 4383
44 438 4384
44 438 4385
44 438 4386
44 438 4387
44 438 4388
44 438 4389
44 439 4390
44 439 4391
44 439 4392
44 439 4393
44 439 4394
44 439 4395
44 439 4396
44 439 4397
44 439 4398
44 439 4399
44 440 4400
44 440 4401
44 440 4402
44 440 4403
44 440 4404
44 440 4405
44 440 4406
44 440 4407
44 440 4408
44 440 4409
45 441 4410
45 441 4411
45 441 4412
45 441 4413
45 441 4414
45 441 4415
45 441 4416
45 441 4417
45 441 4418
45 441 4419
45 442 4420
45 442 4421
45 442 4422
45 442 4423
45 442 4424
45 442 4425
45 442 4426
45 442 4427
45 442 4428
45 442 4429
45 443 4430
45 443 4431
45 443 4432
45 443 4433
45 443 4434
45 443 4435
45 443 4436
45 443 4437
45 443 4438
45 443 4439
45 444 4440
45 444 4441
45 444 4442
45 444 4443
45 444 4444
45 444 4445
45 444 4446
45 444 4447
45 444 4448
45 444 4449
45 445 4450
45 445 4451
45 445 4452
45 445 4453
45 445 4454
45 445 4455
45 445 4456
45 445 4457
45 445 4458
45 445 4459
45 446 4460
45 446 4461
45 446 4462
45 446 4463
45 446 4464
45 446 4465
45 446 4466
45 446 4467
45 446 4468
45 446 4469
45 447 4470
45 447 4471
45 447 4472
45 447 4473
45 447 4474
45 447 4475
45 447 4476
45 447 4477
45 447 4478
45 447 4479
45 448 4480
45 448 4481
45 448 4482
45 448 4483
45 448 4484
45 448 4485
45 448 4486
45 448 4487
45 448 4488
45 448 4489
45 449 4490
45 449 4491
45 449 4492
45 449 4493
45 449 4494
45 449 4495
45 449 4496
45 449 4497
45 449 4498
45 449 4499
45 450 4500
45 450 4501
45 450 4502
45 450 4503
45 450 4504
45 450 4505
45 450 4506
45 450 4507
45 450 4508
45 450 4509
46 451 4510
46 451 4511
46 451 4512
46 451 4513
46 451 4514
46 451 4515
46 451 4516
46 451 4517
46 451 4518
46 451 4519
46 452 4520
46 452 4521
46 452 4522
46 452 4523
46 452 4524
46 452 4525
46 452 4526
46 452 4527
46 452 4528
46 452 4529
46 453 4530
46 453 4531
46 453 4532
46 453 4533
46 453 4534
46 453 4535
46 453 4536
46 453 4537
46 453 4538
46 453 4539
46 454 4540
46 454 4541
46 454 4542
46 454 4543
46 454 4544
46 454 4545
46 454 4546
46 454 4547
46 454 4548
46 454 4549
46 455 4550
46 455 4551
46 455 4552
46 455 4553
46 455 4554
46 455 4555
46 455 4556
46 455 4557
46 455 4558
46 455 4559
46 456 4560
46 456 4561
46 456 4562
46 456 4563
46 456 4564
46 456 4565
46 456 4566
46 456 4567
46 456 4568
46 456 4569
46 457 4570
46 457 4571
46 457 4572
46 457 4573
46 457 4574
46 457 4575
46 457 4576
46 457 4577
46 457 4578
46 457 4579
46 458 4580
46 458 4581
46 458 4582
46 458 4583
46 458 4584
46 458 4585
46 458 4586
46 458 4587
46 458 4588
46 458 4589
46 459 4590
46 459 4591
46 459 4592
46 459 4593
46 459 4594
46 459 4595
46 459 4596
46 459 4597
46 459 4598
46 459 4599
46 460 4600
46 460 4601
46 460 4602
46 460 4603
46 460 4604
46 460 4605
46 460 4606
46 460 4607
46 460 4608
46 460 4609
47 461 4610
47 461 4611
47 461 4612
47 461 4613
47 461 4614
47 461 4615
47 461 4616
47 461 4617
47 461 4618
47 461 4619
47 462 4620
47 462 4621
47 462 4622
47 462 4623
47 462 4624
47 462 4625
47 462 4626
47 462 4627
47 462 4628
47 462 4629
47 463 4630
47 463 4631
47 463 4632
47 463 4633
47 463 4634
47 463 4635
47 463 4636
47 463 4637
47 463 4638
47 463 4639
47 464 4640
47 464 4641
47 464 4642
47 464 4643
47 464 4644
47 464 4645
47 464 4646
47 464 4647
47 464 4648
47 464 4649
47 465 4650
47 465 4651
47 465 4652
47 465 4653
47 465 4654
47 465 4655
47 465 4656
47 465 4657
47 465 4658
47 465 4659
47 466 4660
47 466 4661
47 466 4662
47 466 4663
47 466 4664
47 466 4665
47 466 4666
47 466 4667
47 466 4668
47 466 4669
47 467 4670
47 467 4671
47 467 4672
47 467 4673
47 467 4674
47 467 4675
47 467 4676
47 467 4677
47 467 4678
47 467 4679
47 468 4680
47 468 4681
47 468 4682
47 468 4683
47 468 4684
47 468 4685
47 468 4686
47 468 4687
47 468 4688
47 468 4689
47 469 4690
47 469 4691
47 469 4692
47 469 4693
47 469 4694
47 469 4695
47 469 4696
47 469 4697
47 469 4698
47 469 4699
47 470 4700
47 470 4701
47 470 4702
47 470 4703
47 470 4704
47 470 4705
47 470 4706
47 470 4707
47 470 4708
47 470 4709
48 471 4710
48 471 4711
48 471 4712
48 471 4713
48 471 4714
48 471 4715
48 471 4716
48 471 4717
48 471 4718
48 471 4719
48 472 4720
48 472 4721
48 472 4722
48 472 4723
48 472 4724
48 472 4725
48 472 4726
48 472 4727
48 472 4728
48 472 4729
48 473 4730
48 473 4731
48 473 4732
48 473 4733
48 473 4734
48 473 4735
48 473 4736
48 473 4737
48 473 4738
48 473 4739
48 474 4740
48 474 4741
48 474 4742
48 474 4743
48 474 4744
48 474 4745
48 474 4746
48 474 4747
48 474 4748
48 474 4749
48 475 4750
48 475 4751
48 475 4752
48 475 4753
48 475 4754
48 475 4755
48 475 4756
48 475 4757
48 475 4758
48 475 4759
48 476 4760
48 476 4761
48 476 4762
48 476 4763
48 476 4764
48 476 4765
48 476 4766
48 476 4767
48 476 4768
48 476 4769
48 477 4770
48 477 4771
48 477 4772
48 477 4773
48 477 4774
48 477 4775
48 477 4776
48 477 4777
48 477 4778
48 477 4779
48 478 4780
48 478 4781
48 478 4782
48 478 4783
48 478 4784
48 478 4785
48 478 4786
48 478 4787
48 478 4788
48 478 4789
48 479 4790
48 479 4791
48 479 4792
48 479 4793
48 479 4794
48 479 4795
48 479 4796
48 479 4797
48 479 4798
48 479 4799
48 480 4800
48 480 4801
48 480 4802
48 480 4803
48 480 4804
48 480 4805
48 480 4806
48 480 4807
48 480 4808
48 480 4809
49 481 4810
49 481 4811
49 481 4812
49 481 4813
49 481 4814
49 481 4815
49 481 4816
49 481 4817
49 481 4818
49 481 4819
49 482 4820
49 482 4821
49 482 4822
49 482 4823
49 482 4824
49 482 4825
49 482 4826
49 482 4827
49 482 4828
49 482 4829
49 483 4830
49 483 4831
49 483 4832
49 483 4833
49 483 4834
49 483 4835
49 483 4836
49 483 4837
49 483 4838
49 483 4839
49 484 4840
49 484 4841
49 484 4842
49 484 4843
49 484 4844
49 484 4845
49 484 4846
49 484 4847
49 484 4848
49 484 4849
49 485 4850
49 485 4851
49 485 4852
49 485 4853
49 485 4854
49 485 4855
49 485 4856
49 485 4857
49 485 4858
49 485 4859
49 486 4860
49 486 4861
49 486 4862
49 486 4863
49 486 4864
49 486 4865
49 486 4866
49 486 4867
49 486 4868
49 486 4869
49 487 4870
49 487 4871
49 487 4872
49 487 4873
49 487 4874
49 487 4875
49 487 4876
49 487 4877
49 487 4878
49 487 4879
49 488 4880
49 488 4881
49 488 4882
49 488 4883
49 488 4884
49 488 4885
49 488 4886
49 488 4887
49 488 4888
49 488 4889
49 489 4890
49 489 4891
49 489 4892
49 489 4893
49 489 4894
49 489 4895
49 489 4896
49 489 4897
49 489 4898
49 489 4899
49 490 4900
49 490 4901
49 490 4902
49 490 4903
49 490 4904
49 490 4905
49 490 4906
49 490 4907
49 490 4908
49 490 4909
50 491 4910
50 491 4911
50 491 4912
50 491 4913
50 491 4914
50 491 4915
50 491 4916
50 491 4917
50 491 4918
50 491 4919
50 492 4920
50 492 4921
50 492 4922
50 492 4923
50 492 4924
50 492 4925
50 492 4926
50 492 4927
50 492 4928
50 492 4929
50 493 4930
50 493 4931
50 493 4932
50 493 4933
50 493 4934
50 493 4935
50 493 4936
50 493 4937
50 493 4938
50 493 4939
50 494 4940
50 494 4941
50 494 4942
50 494 4943
50 494 4944
50 494 4945
50 494 4946
50 494 4947
50 494 4948
50 494 4949
50 495 4950
50 495 4951
50 495 4952
50 495 4953
50 495 4954
50 495 4955
50 495 4956
50 495 4957
50 495 4958
50 495 4959
50 496 4960
50 496 4961
50 496 4962
50 496 4963
50 496 4964
50 496 4965
50 496 4966
50 496 4967
50 496 4968
50 496 4969
50 497 4970
50 497 4971
50 497 4972
50 497 4973
50 497 4974
50 497 4975
50 497 4976
50 497 4977
50 497 4978
50 497 4979
50 498 4980
50 498 4981
50 498 4982
50 498 4983
50 498 4984
50 498 4985
50 498 4986
50 498 4987
50 498 4988
50 498 4989
50 499 4990
50 499 4991
50 499 4992
50 499 4993
50 499 4994
50 499 4995
50 499 4996
50 499 4997
50 499 4998
50 499 4999
50 500 5000
50 500 5001
50 500 5002
50 500 5003
50 500 5004
50 500 5005
50 500 5006
50 500 5007
50 500 5008
50 500 5009